66 0 22.8768 15 66 1
66 0 11.4135 8 1 1
69 0 22.0594 13 2 1
69 0 22.7204 13 2 1
68 1 45.0940 30 173 1
66 0 14.1824 10 47 1
69 0 18.2299 13 1 1
66 0 14.4108 10 29 1
69 0 18.7310 13 2 1
66 0 19.3995 13 77 1
66 0 18.5290 12 41 1
71 0 24.6614 17 21 1
69 0 20.8989 10 4 1
71 0 57.1762 39 1 0
66 0 57.3246 39 1 0
66 0 14.2602 10 24 1
69 0 59.1810 39 1 0
69 0 18.0791 12 2 1
71 0 22.7055 16 11 1
71 0 18.3443 9 1 1
66 0 15.1253 10 41 1
69 0 20.8196 14 7 1
69 0 19.6761 13 2 1
69 0 55.5914 39 1 0
69 0 19.8907 12 4 1
66 0 16.8286 11 49 1
66 0 17.6471 10 35 1
68 1 36.4415 22 170 1
71 0 29.9384 21 84 1
66 0 23.2418 13 55 1
69 0 19.6615 13 1 1
66 0 20.8855 13 54 1
66 0 20.7211 12 70 1
69 0 25.7326 15 4 1
69 0 22.0888 13 5 1
69 0 59.8937 39 1 0
71 0 56.2687 39 1 0
66 0 55.9223 39 1 0
69 0 22.2944 13 5 1
68 1 40.7949 23 150 1
66 0 21.3104 12 60 1
69 0 25.6387 15 6 1
69 0 26.0553 15 2 1
68 1 60.1689 30 78 1
71 0 58.1864 39 1 0
71 0 45.5551 26 102 1
69 0 79.4674 39 1 0
71 0 40.6249 23 65 1
71 0 36.9728 21 31 1
68 1 68.5336 42 183 1
71 0 41.7167 25 242 1
71 0 65.4116 39 1 0
66 0 17.6312 10 29 1
66 0 19.2073 11 36 1
70 0 47.0745 31 65 1
68 1 52.1234 34 131 1
70 0 47.2997 31 50 1
68 1 42.5232 26 61 1
68 1 56.7680 37 162 1
68 1 72.1008 44 382 0
68 1 89.0011 61 287 0
71 0 50.2826 29 164 1
70 0 39.8620 29 126 1
70 0 62.1587 30 59 1
68 1 68.9275 47 116 1
71 0 89.8825 64 213 0
70 0 68.2852 39 81 1
70 0 84.3726 57 246 0
68 1 98.8503 54 177 0
68 1 47.7811 27 120 1
68 1 78.1382 46 191 1
70 0 85.7777 59 243 0
70 0 88.9737 63 186 1
70 0 72.0985 42 86 1
70 0 85.3979 57 392 0
68 1 89.9362 58 191 0
71 0 90.2650 55 211 0
68 1 101.5534 68 548 0
70 0 101.4077 58 348 0
68 1 107.8224 60 161 0
68 1 124.6302 84 442 0
70 0 119.5560 68 194 0
70 0 96.0964 55 362 0
71 0 128.3050 77 279 0
68 1 162.3864 98 297 0
68 1 171.2947 113 722 1
