69 0 9.4410 7 2 1
69 0 9.0540 7 3 1
69 0 10.4598 7 1 1
66 0 10.3760 8 48 1
66 0 9.1240 7 31 1
71 0 13.0500 10 22 1
69 0 8.3430 6 2 1
69 0 13.5966 8 2 1
69 0 9.1100 7 1 1
69 0 15.4597 9 2 1
66 0 8.9200 7 36 1
69 0 14.3936 10 17 1
69 0 9.7170 7 4 1
66 0 16.7384 11 36 1
69 0 16.5852 11 2 1
71 0 21.1071 14 1 1
69 0 13.4925 9 3 1
66 0 11.5760 9 62 1
69 0 8.5590 6 6 1
69 0 11.6950 7 5 1
66 0 10.2630 8 56 1
66 0 16.5960 11 57 1
69 0 11.3853 8 1 1
71 0 16.2100 12 38 1
71 0 14.3470 11 22 1
71 0 19.9050 16 50 1
71 0 19.9940 15 95 1
66 0 11.7100 9 48 1
71 0 22.6556 16 4 1
66 0 16.5175 11 47 1
71 0 16.8530 14 11 1
66 0 14.3420 11 75 1
66 0 9.5930 7 30 1
66 0 19.7885 13 78 1
69 0 8.1890 6 1 1
68 0 20.6840 15 13 1
68 0 36.7603 26 88 1
71 0 22.5155 15 1 1
71 0 16.1580 10 27 1
66 0 17.5308 10 30 1
69 0 10.8580 8 3 1
66 0 19.1338 11 47 1
71 0 29.8096 20 76 1
66 0 12.8910 10 77 1
71 0 53.1401 36 168 1
70 0 34.3090 27 140 1
66 0 12.6819 9 19 1
66 0 17.4692 12 51 1
66 0 14.2360 11 77 1
69 0 14.0040 9 5 1
69 0 13.5521 9 5 1
70 0 27.2480 18 63 1
71 0 14.8320 11 23 1
71 0 13.6130 10 5 1
71 0 14.8510 11 7 1
70 0 33.0850 26 130 1
71 0 14.7300 11 4 1
68 0 68.1531 46 454 0
70 0 57.9298 38 96 1
70 0 37.0220 29 121 1
69 0 12.8818 6 1 1
68 0 83.7001 51 23 0
70 0 29.7740 23 46 1
68 0 86.6478 53 50 0
66 0 13.6301 9 28 1
68 0 76.4154 52 32 0
71 0 32.3304 21 18 1
70 0 37.6340 29 140 1
69 0 13.7441 8 4 1
66 0 18.3072 11 51 1
71 0 21.2010 15 1 1
71 0 70.7787 46 582 0
68 0 76.4709 52 17 0
70 0 32.5710 24 82 1
70 0 81.9131 41 205 1
68 0 68.2270 52 37 0
68 0 88.3526 57 35 0
68 0 68.2970 51 60 0
68 0 84.5062 57 72 0
71 0 32.8989 19 7 1
68 0 85.5260 64 205 0
68 0 74.9730 58 163 0
68 0 87.3470 56 64 0
70 0 96.1836 60 431 1
70 0 61.0672 39 144 1
68 0 73.9499 51 21 0
70 0 88.4239 51 369 0
70 0 59.4470 45 462 1
70 0 45.9730 33 225 1
68 0 78.5050 59 55 0
68 0 79.7573 54 50 0
68 0 64.6810 49 47 0
70 0 63.4910 46 588 1
68 0 91.6714 64 117 0
70 0 85.2600 67 397 0
70 0 106.9965 77 207 0
70 0 95.8440 74 762 0
70 0 67.5300 50 413 1
68 0 154.9697 78 146 0
70 0 140.2908 95 578 0
