69 0 12.2100 8 4 1
71 0 50.7826 25 98 1
69 0 13.5140 9 2 1
69 0 11.3205 8 2 1
69 0 14.9873 10 2 1
69 0 13.9454 8 1 1
69 0 10.5026 7 2 1
69 0 11.5390 9 8 1
69 0 15.2399 9 5 1
69 0 10.8426 7 2 1
69 0 14.0788 8 3 1
66 0 15.4927 11 46 1
69 0 14.2191 8 3 1
69 0 13.1292 9 1 1
66 0 13.4401 9 20 1
66 0 15.2438 10 24 1
69 0 15.2981 9 5 1
66 0 21.3415 13 64 1
66 0 21.5665 12 63 1
71 0 22.3990 15 21 1
66 0 16.8709 8 32 1
70 0 13.8644 9 130 0
70 0 9.0232 6 72 0
66 0 19.2666 11 40 1
71 0 21.2472 14 26 1
66 0 17.1261 8 40 1
66 0 26.6331 15 76 1
66 0 28.5774 16 93 1
71 0 28.1639 16 2 1
71 0 29.1165 21 35 1
69 0 15.1291 10 4 1
71 0 29.0917 19 51 1
66 0 15.4966 11 47 1
71 0 26.9841 18 37 1
71 0 30.9481 18 29 1
71 0 28.7459 19 76 1
66 0 17.8524 12 59 1
69 0 20.2148 10 35 1
71 0 35.4461 20 21 1
68 0 32.6297 23 36 1
66 0 21.4992 14 81 1
71 0 19.4055 13 9 1
71 0 26.0160 17 61 1
66 0 26.0101 17 81 1
68 0 41.3744 26 112 1
68 0 33.9184 22 67 1
71 0 19.1890 13 22 1
71 0 46.3064 33 123 1
66 0 55.2765 39 1 0
71 0 55.3311 39 1 0
69 0 56.5622 39 1 0
66 0 56.2819 39 1 0
69 0 56.9303 39 1 0
69 0 59.1534 39 1 0
68 0 58.7293 39 674 0
70 0 59.7764 39 1 0
68 0 60.3153 39 895 0
66 0 61.9838 39 1 0
70 0 59.7947 41 357 0
69 0 62.7055 39 1 0
70 0 60.4466 36 95 1
70 0 61.1934 42 127 1
70 0 64.7116 39 1 0
68 0 67.2693 39 851 0
70 0 58.1741 40 162 1
70 0 60.6557 39 224 1
68 0 71.0606 52 14 0
70 0 73.1371 50 223 1
68 0 81.4085 56 36 0
68 0 74.7012 51 38 0
68 0 74.4634 51 45 0
70 0 86.0905 58 402 1
68 0 78.4390 53 26 0
68 0 89.5774 55 39 0
70 0 83.0949 59 534 0
68 0 90.5264 57 114 0
70 0 73.6519 44 114 1
68 0 78.0396 53 62 0
70 0 101.8169 69 648 0
70 0 84.4556 47 113 1
68 0 104.5522 54 44 0
68 0 104.5388 54 66 0
68 0 95.7731 65 115 0
71 0 95.6842 66 340 0
70 0 104.5700 59 144 1
68 0 113.7370 76 274 0
