69 3 10.5770 8 4 1
71 0 15.0930 12 18 1
71 0 17.7960 14 76 1
69 2 15.4146 10 32 1
70 4 18.8090 15 24 1
68 3 20.9548 12 5 1
68 4 35.2270 25 42 1
71 3 4.3970 3 95 0
69 0 17.3042 10 2 1
69 3 14.4586 9 5 1
68 4 42.7490 24 42 1
66 3 9.4120 7 5 1
68 2 13.1440 9 12 1
66 0 11.0470 8 51 1
69 0 25.3415 15 48 1
68 3 13.1040 9 11 1
70 0 13.6931 9 129 0
71 3 1.7779 1 35 0
66 0 17.9606 10 41 1
70 1 21.1468 15 2 1
70 1 21.1738 15 1 1
66 4 10.7088 7 1 1
71 1 7.3057 5 1 1
71 2 7.2074 5 1 1
71 0 8.7480 6 8 1
69 2 66.1410 49 134 0
71 1 22.6733 15 15 1
70 3 56.3872 32 61 1
71 4 7.8765 5 1 1
71 0 7.7401 5 1 1
71 4 7.7340 5 1 1
71 3 7.5699 5 2 1
69 2 7.2540 5 1 1
66 0 7.3252 5 1 1
66 3 7.1591 4 1 1
69 2 6.9941 4 1 1
70 1 9.4828 6 1 1
66 2 8.8223 6 1 1
68 3 9.3063 5 1 1
69 2 7.3086 5 4 1
69 3 7.3006 5 1 1
68 1 6.8827 4 1 1
69 4 7.1687 4 1 1
66 3 7.1547 4 1 1
70 2 10.9774 7 1 1
69 4 7.3590 4 1 1
71 4 8.9000 6 1 1
71 3 7.6429 3 1 1
70 0 11.4771 6 10 1
69 1 16.3728 11 3 1
70 3 9.0650 5 1 1
71 4 9.1415 5 1 1
66 2 9.8930 5 1 1
69 3 17.6487 12 2 1
66 0 7.1135 4 1 1
69 0 15.9492 8 12 1
66 1 8.4428 5 1 1
70 3 8.5578 5 1 1
69 1 20.9925 11 5 1
69 1 7.9216 5 5 1
66 3 7.5294 5 1 1
70 0 11.6818 6 10 1
69 3 7.3651 5 1 1
69 0 7.4034 5 6 1
71 2 7.1173 5 1 1
70 4 10.3037 7 1 1
66 1 9.7586 5 12 1
68 2 7.5226 5 1 1
68 0 9.2893 6 1 1
71 1 7.1879 5 1 1
68 3 9.0311 6 1 1
66 3 7.4432 5 1 1
66 2 9.3744 6 1 1
68 1 7.3837 4 1 1
71 2 7.3878 4 1 1
66 1 8.0276 5 1 1
70 2 10.3921 7 1 1
66 0 7.6909 5 1 1
69 4 7.3295 5 1 1
68 4 9.2791 6 1 1
66 4 8.6956 5 11 1
68 3 9.1069 6 1 1
68 2 27.6259 19 154 1
68 1 91.5189 50 343 1
71 1 7.1811 4 1 1
69 1 7.3688 4 1 1
68 1 7.5279 5 8 1
70 1 9.1628 6 1 1
69 0 7.4009 5 4 1
68 0 9.3022 6 1 1
68 2 7.8545 5 6 1
71 4 7.6667 5 1 1
70 2 10.6954 7 1 1
70 2 11.0077 7 3 1
68 2 30.3611 21 159 1
71 2 95.3516 65 192 0
70 0 11.0218 5 1 1
68 4 31.8535 21 23 1
70 4 10.8762 7 11 1
70 4 32.2584 20 27 1
66 1 8.8158 5 1 1
66 4 7.5058 5 1 1
71 0 7.4734 5 1 1
70 3 9.0772 6 5 1
66 4 7.3934 5 1 1
70 1 9.1284 6 1 1
68 1 87.7620 61 617 0
71 2 7.4007 5 1 1
70 0 10.6158 7 4 1
68 4 9.3159 5 1 1
70 2 10.8647 7 1 1
68 0 143.6494 86 439 0
68 0 68.4564 49 10 0
69 4 115.6226 49 1140 0
66 2 139.5104 67 405 0
