69 0 14.2720 7 2 1
69 0 13.8936 10 3 1
69 0 12.3977 9 1 1
71 0 17.2464 12 1 1
69 0 12.4016 9 1 1
69 0 12.0781 8 2 1
69 0 12.6166 9 4 1
69 0 13.3219 9 3 1
69 0 12.0840 8 2 1
66 0 11.3420 9 79 1
66 0 17.5453 12 76 1
69 0 17.0910 10 4 1
69 0 12.8269 9 3 1
69 0 11.5261 9 4 1
69 0 19.2065 13 63 1
70 0 5.5590 4 60 0
66 0 17.0820 12 52 1
69 0 11.2429 8 3 1
66 0 16.8437 8 40 1
70 0 5.2460 4 43 0
69 0 11.0919 8 9 1
70 0 11.9300 8 172 0
66 0 17.0958 11 35 1
71 0 20.6296 14 1 1
66 0 16.9596 11 40 1
69 0 14.3369 10 7 1
69 0 20.9205 15 109 0
66 0 15.9748 10 31 1
66 0 13.9600 11 97 1
66 0 14.3283 10 34 1
66 0 14.1401 10 42 1
66 0 14.3224 10 37 1
70 0 24.8087 15 193 0
69 0 17.1884 10 4 1
71 0 13.4290 10 12 1
70 0 13.1200 10 180 0
68 0 24.8730 19 91 1
71 0 14.8300 11 4 1
69 0 19.1410 11 67 0
71 0 24.2150 19 111 1
71 0 18.2399 13 1 1
66 0 17.6332 8 41 1
70 0 12.4210 9 186 0
66 0 24.5283 14 74 1
71 0 18.0570 14 76 1
71 0 24.9687 14 2 1
66 0 18.6876 9 47 1
66 0 10.8540 8 56 1
66 0 10.8940 8 66 1
71 0 20.9031 14 22 1
71 0 19.4827 13 4 1
66 0 17.2107 12 68 1
71 0 22.2454 15 48 1
66 0 15.0341 10 33 1
71 0 13.4140 10 46 1
71 0 25.5743 17 56 1
71 0 22.8047 15 17 1
71 0 22.0630 17 139 1
70 0 34.4230 27 94 1
69 0 12.5471 9 3 1
71 0 18.9470 14 81 1
71 0 20.4750 15 101 1
69 0 12.7131 8 2 1
71 0 18.8750 14 91 1
66 0 13.7038 9 40 1
70 0 51.9077 36 51 1
70 0 48.4970 32 51 1
68 0 74.2199 52 15 0
70 0 57.0404 37 166 1
66 0 57.8700 44 456 0
70 0 61.8156 41 144 1
68 0 65.0370 50 10 0
68 0 70.3378 50 51 0
70 0 35.7050 27 175 1
68 0 65.7250 50 13 0
68 0 80.9567 55 39 0
68 0 71.7793 49 24 0
68 0 70.5301 43 107 1
70 0 75.6154 50 275 1
68 0 77.8497 53 28 0
70 0 67.9739 40 100 1
68 0 68.0440 49 26 0
70 0 52.6680 41 304 1
68 0 78.1123 53 37 0
68 0 92.4668 60 521 1
70 0 84.0420 42 335 1
68 0 72.7420 54 200 0
68 0 108.8147 63 40 0
68 0 67.3890 51 9 0
71 0 78.5690 61 519 0
68 0 94.8107 58 53 0
70 0 69.1924 46 245 1
68 0 78.8401 54 23 0
70 0 104.4342 70 459 1
68 0 79.0270 58 29 0
68 0 78.8063 54 22 0
68 0 122.9644 63 226 0
71 0 68.0860 51 257 0
70 0 145.9189 99 167 0
70 0 79.9370 58 357 1
