71 3 14.7411 7 180 0
69 3 50.1177 35 322 1
69 0 39.2951 26 213 1
68 2 62.6477 43 368 0
66 4 10.3991 7 2 1
70 1 43.2825 30 30 1
66 0 21.3158 12 55 1
69 1 42.2470 28 183 1
71 3 1.4534 1 27 0
70 1 54.3482 35 57 1
68 3 55.0264 38 369 1
68 1 56.9969 41 361 0
70 4 80.5278 50 243 0
69 4 23.4257 11 85 1
69 4 28.4995 20 156 1
66 4 14.8331 8 2 1
66 4 10.9395 7 1 1
69 3 40.2307 29 244 1
69 4 80.2004 51 333 0
69 3 57.7055 39 1 0
70 1 28.0210 22 9 1
66 4 59.6069 39 1 0
70 3 78.0316 50 206 0
68 3 95.5137 65 675 1
69 2 30.2368 22 84 1
69 1 36.7616 25 211 1
71 3 10.6837 6 116 0
66 4 10.7628 7 2 1
68 1 106.8210 74 603 0
69 0 46.1007 33 301 1
66 3 38.6854 27 83 1
68 1 60.4464 34 137 1
66 3 56.9580 33 230 1
68 2 34.3791 23 58 1
69 3 38.4034 25 95 1
66 0 49.2060 39 1 0
66 3 33.3748 22 74 1
68 2 36.6184 24 187 1
69 3 33.6766 22 131 1
70 0 50.6660 39 1010 0
68 4 69.9512 45 478 0
69 2 46.6703 31 338 1
68 2 65.7299 46 400 0
70 2 67.8678 46 263 0
66 3 53.7953 31 226 1
68 3 66.1621 45 461 0
69 0 52.1746 34 380 1
69 4 66.8791 46 182 0
66 3 61.5873 41 257 0
68 0 76.0389 54 472 1
70 4 52.2080 39 380 0
68 3 87.2936 50 304 0
69 2 87.5984 59 318 0
71 1 74.1235 51 357 0
69 1 102.0471 45 775 0
66 0 91.5719 44 245 1
70 2 74.1017 40 401 0
66 2 68.5704 44 456 0
71 4 140.3794 89 790 0
69 0 78.3001 51 501 0
70 3 93.5537 58 486 0
68 2 84.8913 50 284 1
71 1 157.9745 102 350 0
68 3 74.1971 48 500 1
71 2 92.3846 63 573 0
66 1 118.1602 72 167 0
70 1 112.4566 63 156 0
69 2 102.1838 63 245 0
70 0 77.2930 59 544 1
68 4 94.4531 60 599 0
69 2 103.0282 64 395 0
66 2 106.4980 60 617 0
69 1 107.5225 67 300 0
66 2 161.3582 106 754 0
68 1 96.9612 64 676 0
70 3 102.8901 70 344 0
71 1 102.9141 68 401 0
70 4 134.0148 67 975 0
68 0 100.7483 64 485 0
70 1 121.4912 83 374 0
71 4 126.1502 88 423 0
69 0 105.6345 71 551 1
68 4 150.2265 70 685 1
66 1 119.0689 81 253 0
71 4 125.7645 85 579 0
70 4 142.5451 99 703 0
71 1 138.7054 81 544 0
68 0 134.3338 90 353 0
66 1 158.0332 109 856 0
71 4 151.4958 80 584 0
71 1 148.1548 91 565 0
70 0 155.4009 84 667 0
66 2 142.6558 83 454 0
71 0 149.8746 101 891 0
70 3 116.4320 49 268 0
68 1 155.0168 92 686 0
71 0 179.3968 117 768 0
70 0 171.9084 108 603 1
71 0 162.7122 110 913 1
66 1 197.5394 96 427 0
71 0 152.2347 78 592 0
66 2 134.0426 81 250 0
70 4 147.0890 98 493 0
68 4 194.8524 110 1157 1
71 2 165.0401 94 863 0
68 4 170.5832 111 725 1
70 2 180.0313 117 1168 0
71 2 216.2753 118 1393 0
70 2 235.0830 151 832 0
