69 0 12.3352 8 1 1
69 0 11.0116 8 2 1
66 0 10.6300 8 37 1
69 0 15.3633 9 2 1
71 0 25.6622 18 51 1
69 0 12.4746 9 1 1
71 0 26.1418 18 66 1
71 0 34.2912 23 118 1
66 0 14.3041 10 38 1
68 1 4.3227 3 55 0
68 1 57.3249 28 196 1
69 0 12.2750 9 4 1
69 0 11.1742 8 1 1
68 1 5.5750 3 57 0
66 0 19.9312 14 84 1
71 0 32.5117 22 108 1
70 0 56.4937 37 59 1
66 0 17.2375 12 72 1
66 0 21.2882 15 122 1
70 0 60.5544 40 115 1
69 0 14.4436 10 2 1
66 0 14.4921 10 23 1
71 0 33.2430 24 211 1
66 0 18.3738 12 41 1
69 0 11.2591 8 1 1
71 0 26.8062 18 44 1
69 0 13.6142 9 3 1
68 1 41.1189 28 336 0
66 0 14.0206 10 34 1
66 0 17.0690 12 47 1
66 0 16.2769 11 51 1
71 0 45.4933 31 177 1
66 0 14.3268 10 45 1
70 0 85.7652 57 469 0
69 0 13.7953 8 2 1
71 0 22.6755 16 25 1
69 0 15.3886 9 1 1
70 0 18.1880 12 94 0
69 0 14.9852 10 5 1
69 0 13.5457 8 2 1
66 0 18.5951 13 52 1
69 0 17.1693 10 2 1
69 0 13.8464 8 1 1
69 0 15.6197 9 1 1
71 0 24.0339 17 45 1
66 0 19.7429 12 50 1
71 0 33.8734 23 151 1
71 0 27.1775 18 74 1
68 1 6.1811 4 68 0
68 1 50.8808 28 170 1
68 1 35.0953 23 90 1
68 1 43.1721 28 92 1
71 0 32.6547 19 18 1
70 0 43.2275 28 35 1
71 0 33.0842 22 79 1
66 0 23.3107 13 41 1
66 0 18.9932 11 28 1
66 0 26.3026 14 71 1
68 1 36.6093 23 56 1
66 0 21.3680 14 87 1
68 1 96.8580 74 524 0
68 1 63.0750 41 395 0
71 0 33.2582 22 137 1
71 0 34.1342 19 29 1
70 0 58.7228 40 64 1
70 0 64.4463 44 146 1
70 0 48.6104 32 50 1
68 1 82.0963 51 148 0
70 0 49.8768 33 82 1
70 0 63.4862 42 121 1
70 0 60.9878 35 68 1
68 1 79.8131 51 198 0
68 1 71.8257 47 769 0
70 0 65.7132 43 92 1
70 0 77.7171 51 231 1
70 0 76.0493 50 261 1
70 0 72.8821 40 87 1
68 1 74.2289 43 381 0
68 1 59.3102 34 163 1
70 0 100.7732 71 638 0
71 0 96.1654 59 282 0
68 1 88.5874 48 287 1
68 1 115.6049 78 454 0
70 0 113.4310 64 204 1
71 0 183.7963 123 373 0
71 0 186.8297 118 381 0
