66 0 11.2830 8 56 1
68 2 18.0130 12 65 1
71 3 7.1430 5 153 0
66 4 6.9570 5 1 1
69 4 15.0360 11 243 0
68 4 21.2030 15 8 1
71 4 14.3120 11 50 1
68 3 19.0314 13 5 1
69 4 10.6270 8 19 1
71 3 1.6102 1 35 0
70 1 12.1520 9 2 1
68 0 34.6858 22 16 1
71 3 3.1247 2 51 0
68 1 10.4250 7 58 0
71 0 25.6326 17 35 1
68 3 22.6224 15 45 1
68 0 47.3339 28 22 1
71 4 15.8980 12 87 1
70 1 12.0240 9 1 1
69 0 13.5051 8 1 1
69 1 17.5018 9 1 1
66 1 53.8139 32 46 1
70 1 19.8717 13 1 1
69 1 11.5110 8 3 1
69 0 11.6940 8 1 1
69 3 11.4560 9 5 1
68 4 32.2895 21 75 1
66 4 13.9107 8 1 1
68 4 20.8890 14 20 1
71 3 5.7226 4 92 0
68 3 20.5730 14 106 1
68 2 16.4852 9 5 1
66 1 75.2193 50 331 0
66 1 18.8290 15 41 1
69 2 67.5300 50 133 0
70 3 59.1608 40 110 1
71 1 17.8478 13 1 1
71 3 1.4507 1 29 0
69 3 13.5799 9 3 1
69 0 11.8712 8 2 1
69 2 77.5139 50 214 0
68 4 34.0580 23 191 1
66 3 12.1861 8 1 1
69 3 16.6553 8 7 1
68 4 55.5410 39 1 0
66 3 10.6897 7 1 1
70 1 17.3469 13 3 1
66 4 11.9030 8 1 1
71 2 86.4756 61 134 0
69 1 16.2468 11 1 1
66 3 14.2927 7 8 1
69 4 20.5004 14 273 0
71 2 90.2663 64 89 0
71 4 17.0137 12 4 1
71 2 76.1400 59 82 0
66 3 15.5022 8 6 1
71 0 22.3249 15 3 1
66 4 14.5859 8 1 1
69 2 20.0774 13 48 1
68 2 19.0292 11 2 1
66 0 21.2469 14 92 1
69 0 12.3191 9 2 1
69 4 21.1721 14 111 1
68 2 15.8573 11 22 1
68 2 15.7197 11 15 1
71 0 22.8675 11 5 1
71 1 23.1725 15 1 1
66 0 23.5920 15 81 1
69 1 21.2036 12 1 1
69 4 36.9912 24 319 1
69 3 15.0629 10 2 1
69 3 17.2121 10 1 1
68 0 34.8660 23 82 1
71 1 18.0865 13 1 1
70 4 70.5220 49 50 0
71 1 18.2140 13 1 1
69 1 16.1395 8 1 1
71 0 19.4917 14 24 1
70 0 47.4990 35 222 1
70 4 72.2380 51 151 0
71 4 30.3603 18 89 1
69 0 11.7986 8 1 1
69 2 18.1784 12 70 1
66 4 15.7533 9 2 1
68 1 28.3214 20 91 1
71 0 31.3877 22 114 1
71 1 19.4672 13 1 1
70 1 26.5553 15 24 1
68 0 76.3276 52 26 0
69 2 30.4849 20 160 1
68 3 30.1360 17 72 1
66 1 43.1363 25 13 1
70 2 53.8943 38 191 0
66 1 81.1400 59 185 0
70 4 96.2273 59 110 0
70 4 30.5046 20 61 1
68 1 47.1791 22 95 1
68 1 54.0574 31 191 1
68 0 48.5964 32 171 1
66 2 67.3740 53 367 0
70 3 69.0608 49 239 0
70 3 73.6980 58 211 0
71 2 97.6537 68 200 0
71 2 83.3650 63 314 0
70 3 49.4258 33 209 0
66 2 88.2636 40 399 0
70 0 69.6768 33 135 1
70 0 70.0959 46 140 1
68 1 83.4588 53 172 0
70 0 76.9065 44 61 1
70 2 182.1959 120 421 0
70 3 106.8830 73 198 0
70 2 94.3621 62 121 0
70 4 105.7216 73 261 0
66 2 220.9972 146 696 0
66 2 112.3589 64 217 0
70 2 166.5962 112 538 0
70 2 209.0451 129 689 0
66 2 287.5704 141 661 0
