69 0 9.0640 7 2 1
71 0 12.5410 10 10 1
66 0 11.3760 9 46 1
71 0 16.5040 13 17 1
70 0 25.0700 18 29 1
66 0 13.4720 9 40 1
70 0 36.9850 28 57 1
70 0 69.7412 37 57 1
71 0 9.6360 7 2 1
70 0 35.3410 26 110 1
68 1 47.6256 34 139 1
70 0 63.6393 44 167 1
68 1 79.0294 55 144 0
70 0 72.2966 49 247 1
66 0 24.2144 14 101 1
70 0 43.4758 29 36 1
68 1 43.8346 31 99 1
68 1 56.7811 34 100 1
71 0 20.0380 9 2 1
71 0 11.7520 9 6 1
68 1 69.8334 45 369 0
71 0 26.1211 11 13 1
69 0 18.8791 8 1 1
69 0 21.0644 11 1 1
69 0 57.0011 39 1 0
69 0 19.0534 10 3 1
71 0 22.7785 13 8 1
66 0 20.5877 10 54 1
66 0 21.2572 12 77 1
71 0 21.8101 9 1 1
71 0 23.1318 13 48 1
71 0 10.4070 8 4 1
69 0 20.0086 10 4 1
68 1 56.7314 39 880 0
68 1 97.4408 64 820 0
68 1 56.8413 39 1 0
71 0 15.7272 11 6 1
69 0 12.7594 6 4 1
71 0 58.7868 39 1 0
69 0 16.4344 6 1 1
69 0 21.4436 8 3 1
69 0 23.9158 13 1 1
70 0 59.0360 39 1 0
69 0 26.0934 10 3 1
66 0 17.2803 8 46 1
66 0 20.9971 8 58 1
66 0 18.7845 9 35 1
69 0 25.3903 11 1 1
68 1 99.5979 56 180 0
66 0 19.2158 8 47 1
68 1 70.4256 45 438 0
66 0 22.9077 9 48 1
71 0 23.3453 8 4 1
69 0 24.2527 10 5 1
71 0 25.2140 13 11 1
69 0 20.8554 11 1 1
70 0 22.1597 10 164 0
66 0 16.1354 8 35 1
71 0 23.6993 10 4 1
69 0 26.8593 13 8 1
66 0 29.0041 15 103 1
71 0 26.0087 11 9 1
66 0 27.1225 11 90 1
66 0 35.9863 16 94 1
70 0 57.0804 36 83 1
66 0 19.8162 8 39 1
66 0 31.2803 13 79 1
71 0 24.7696 14 5 1
66 0 56.2658 39 1 0
66 0 56.1056 39 1 0
69 0 26.3868 12 4 1
69 0 59.8547 39 1 0
68 1 43.9280 24 101 1
68 1 70.4107 46 231 0
70 0 60.7002 37 45 1
70 0 103.5628 58 152 1
70 0 73.2924 34 97 1
69 0 90.6417 39 1 0
70 0 60.2085 31 60 1
66 0 90.5846 39 1 0
68 1 90.9573 39 1011 0
69 0 91.3934 39 1 0
68 1 79.0071 42 222 1
68 1 74.5989 40 285 1
70 0 82.9761 51 290 1
71 0 108.5986 39 1 0
70 0 80.1774 47 193 1
68 1 77.6784 44 401 0
70 0 108.4782 68 260 0
70 0 95.3328 47 144 1
71 0 101.2358 57 159 0
68 1 115.9638 63 472 0
68 1 146.6707 82 363 0
70 0 153.4443 73 214 0
