69 0 13.0490 9 4 1
71 0 9.4850 7 8 1
66 0 15.7417 10 68 1
69 0 21.5858 12 3 1
66 0 21.4774 11 58 1
68 1 61.4240 43 418 0
69 0 15.3655 11 3 1
71 0 21.5879 12 18 1
71 0 23.0321 13 9 1
69 0 15.8899 11 1 1
71 0 63.1190 34 129 1
71 0 21.3039 14 4 1
71 0 14.6691 10 4 1
69 0 16.6498 12 7 1
69 0 16.6933 12 3 1
66 0 16.6809 9 31 1
69 0 15.2707 11 2 1
71 0 22.9795 13 11 1
69 0 20.5060 12 1 1
66 0 14.6339 9 32 1
69 0 15.8558 11 6 1
66 0 11.6999 6 25 1
66 0 13.5998 9 44 1
66 0 10.5638 6 2 1
70 0 61.7010 41 466 0
66 0 12.9082 6 30 1
66 0 18.5559 10 37 1
69 0 19.8671 11 3 1
71 0 13.6784 9 4 1
71 0 18.2594 9 1 1
69 0 25.0098 14 4 1
66 0 17.4832 11 60 1
71 0 40.8366 26 106 1
69 0 13.7208 7 7 1
71 0 16.9128 12 7 1
66 0 14.7661 10 64 1
69 0 18.2199 12 1 1
71 0 18.4692 13 5 1
66 0 21.8232 12 84 1
66 0 11.0282 8 23 1
68 1 32.0980 21 98 1
70 0 47.3380 31 95 1
69 0 15.9832 11 4 1
66 0 13.9271 10 57 1
71 0 21.3610 15 44 1
69 0 18.0942 13 19 1
70 0 48.8577 31 31 1
69 0 15.4484 11 4 1
70 0 55.2483 38 52 1
66 0 12.4837 9 34 1
68 1 43.7191 25 46 1
69 0 19.1714 9 8 1
68 1 50.4338 34 123 1
66 0 13.8709 9 32 1
66 0 15.3635 10 170 0
70 0 48.4907 31 70 1
69 0 15.1510 11 3 1
68 1 30.8485 16 29 1
71 0 21.2336 15 26 1
69 0 15.5540 11 2 1
70 0 39.0105 25 100 1
69 0 22.4476 13 4 1
71 0 24.0985 16 19 1
71 0 31.9849 21 89 1
71 0 28.5448 16 11 1
70 0 29.0760 23 66 1
71 0 18.3007 11 9 1
66 0 15.2243 8 17 1
70 0 39.3125 27 30 1
68 1 29.0012 19 95 1
70 0 58.9277 40 131 1
68 1 30.3413 20 74 1
70 0 26.8680 21 67 1
68 1 49.1809 28 134 1
71 0 26.8366 15 7 1
68 1 35.7073 25 132 1
70 0 58.8414 41 80 1
70 0 72.9129 40 19 1
70 0 39.8147 26 37 1
70 0 48.6283 32 29 1
68 1 60.4205 28 91 1
70 0 52.0061 32 38 1
70 0 61.0868 41 120 1
68 1 64.9556 44 362 0
68 1 62.9047 43 407 0
68 1 95.3431 55 167 0
68 1 170.2423 94 570 0
68 1 83.6570 57 169 0
68 1 98.2870 62 248 0
70 0 85.3562 47 223 1
68 1 91.8503 58 160 0
68 1 109.0676 57 111 0
70 0 91.7116 62 523 0
70 0 124.0545 75 205 0
70 0 29.8250 17 101 1
