71 0 18.5300 14 38 1
66 0 28.8611 16 76 1
66 0 13.6900 10 79 1
66 0 12.6190 9 67 1
70 0 51.5959 35 7 1
71 0 33.8282 17 33 1
68 1 76.0374 57 174 0
70 0 45.2220 33 244 1
69 0 13.5887 9 1 1
69 0 18.0984 12 1 1
69 0 13.9120 10 1 1
66 0 15.0287 10 35 1
69 0 15.1815 11 1 1
66 0 20.2910 13 70 1
69 0 18.4408 12 1 1
66 0 24.9293 12 85 1
66 0 18.1732 12 66 1
69 0 16.9607 10 1 1
66 0 18.2825 10 35 1
69 0 19.4674 11 14 1
71 0 22.0481 12 4 1
69 0 15.7772 10 1 1
66 0 24.2573 11 87 1
66 0 15.7839 11 41 1
66 0 13.9919 10 35 1
71 0 17.8458 12 3 1
68 1 77.9366 54 158 0
69 0 20.0295 10 1 1
71 0 34.6758 22 44 1
71 0 31.7386 22 69 1
69 0 14.9401 10 1 1
66 0 21.6302 10 56 1
69 0 19.7026 9 1 1
66 0 34.5020 21 161 1
69 0 18.2545 13 1 1
66 0 23.7395 8 66 1
69 0 18.2841 13 1 1
66 0 20.0774 14 72 1
68 1 21.2388 14 166 0
66 0 18.4592 9 42 1
71 0 32.1709 23 64 1
71 0 33.8253 23 84 1
69 0 21.3054 11 1 1
69 0 19.7696 11 1 1
69 0 18.1751 10 1 1
70 0 58.9430 33 39 1
66 0 19.4705 11 153 0
66 0 26.3173 13 66 1
69 0 21.7560 11 1 1
71 0 35.6515 25 114 1
70 0 86.4169 58 355 0
68 1 34.8715 17 182 0
71 0 22.3833 11 3 1
70 0 45.1152 30 76 1
71 0 75.1804 39 1 0
70 0 92.4611 60 421 0
69 0 20.2476 11 1 1
66 0 26.4701 13 67 1
71 0 55.5835 36 143 1
71 0 44.9553 30 120 1
69 0 22.0594 12 1 1
70 0 96.3811 56 260 1
71 0 44.0829 22 39 1
71 0 47.0538 25 66 1
68 1 95.7507 65 325 0
70 0 47.3916 32 100 1
70 0 80.4374 51 145 1
68 1 57.6510 27 247 1
71 0 59.2777 32 113 1
70 0 55.1450 38 25 1
71 0 61.0516 31 260 1
68 1 76.8790 42 317 1
68 1 60.5052 42 135 1
71 0 75.4254 49 457 0
70 0 50.0150 35 117 1
70 0 74.7592 50 245 0
71 0 78.1472 50 359 1
71 0 62.5885 39 214 1
68 1 75.3382 42 384 0
70 0 68.1503 37 41 1
70 0 73.0336 37 6 1
68 1 85.5830 57 188 0
68 1 74.5100 42 449 0
68 1 91.5265 51 169 0
70 0 95.0428 62 365 1
70 0 122.3907 82 331 0
68 1 112.5620 67 430 0
70 0 108.2587 65 606 1
68 1 104.6179 54 167 0
68 1 109.0897 57 186 0
70 0 112.2488 59 283 1
68 1 102.8054 55 151 0
70 0 114.4958 60 227 1
68 1 135.2138 79 434 0
70 0 184.3391 107 417 0
