69 0 18.1122 12 1 1
70 0 55.4490 45 264 1
71 0 20.3970 15 68 1
70 0 36.8290 26 108 1
71 0 72.6917 49 357 0
70 0 34.5240 26 53 1
66 0 17.0015 12 67 1
68 1 83.1240 41 450 0
69 0 16.7886 10 1 1
69 0 18.3953 12 1 1
66 0 17.2701 11 25 1
68 1 37.2440 27 359 0
69 0 19.6985 14 1 1
66 0 17.2295 12 52 1
69 0 15.4847 11 1 1
69 0 16.3767 12 1 1
69 0 22.7239 14 1 1
66 0 20.2472 14 80 1
69 0 14.1976 10 1 1
71 0 33.4425 23 73 1
69 0 17.0413 12 1 1
66 0 23.3776 8 58 1
69 0 18.9691 10 1 1
68 1 49.7255 34 287 1
66 0 16.6609 11 37 1
71 0 17.0240 13 28 1
66 0 23.2746 11 152 0
66 0 16.5142 9 11 1
66 0 21.3116 11 50 1
69 0 19.9732 10 1 1
66 0 20.3516 10 36 1
69 0 23.5280 12 1 1
66 0 16.8793 9 36 1
66 0 17.0301 8 30 1
69 0 18.4258 13 1 1
69 0 25.6614 13 1 1
71 0 30.6172 21 58 1
71 0 36.0400 20 40 1
66 0 15.2608 10 25 1
69 0 21.3111 10 1 1
69 0 24.0268 13 1 1
71 0 38.3395 17 160 1
71 0 29.1968 20 45 1
71 0 37.1196 18 58 1
66 0 24.9353 12 50 1
71 0 74.9607 39 1 0
68 1 53.5754 29 173 1
69 0 20.5522 12 1 1
68 1 34.1787 16 162 1
66 0 20.8908 11 37 1
66 0 26.8418 14 93 1
66 0 24.2288 12 39 1
68 1 57.8611 42 335 0
66 0 38.9919 20 113 1
71 0 34.6415 22 70 1
66 0 30.4711 16 74 1
69 0 42.6259 8 1 1
68 1 59.2768 42 391 0
71 0 37.0891 17 72 1
71 0 51.6002 34 204 1
71 0 46.1116 23 66 1
71 0 34.1287 18 18 1
68 1 48.7844 30 216 1
66 0 43.9496 9 27 1
68 1 66.7360 42 303 0
71 0 64.6274 35 215 1
68 1 58.8114 37 385 1
70 0 61.2372 27 46 1
70 0 71.3499 38 40 1
70 0 78.6368 41 69 1
70 0 81.1417 43 235 1
70 0 73.2594 39 25 1
68 1 80.7037 53 158 0
70 0 68.8207 39 151 1
71 0 74.5993 48 151 0
70 0 73.9905 42 94 1
68 1 87.4066 43 344 0
70 0 77.5418 45 113 1
71 0 86.4373 46 340 0
70 0 173.7729 115 707 1
71 0 90.5853 50 368 0
70 0 91.9442 48 34 1
68 1 89.0661 54 180 0
70 0 105.2920 60 509 0
70 0 117.8896 82 598 0
70 0 92.9419 55 307 1
68 1 125.4892 84 782 0
70 0 111.5675 71 662 0
70 0 126.9855 59 574 0
68 1 120.6456 72 390 0
68 1 132.1063 74 777 1
68 1 137.4362 83 622 0
68 1 129.0881 85 475 0
70 0 236.8236 133 695 0
