69 0 10.8850 8 3 1
66 0 9.3730 7 52 1
66 0 9.5880 7 45 1
66 0 13.0864 8 44 1
69 0 12.4490 9 2 1
66 0 7.7990 6 40 1
71 0 13.0959 9 9 1
66 0 22.1040 14 90 1
69 0 14.2831 10 2 1
69 0 18.4234 11 1 1
69 0 18.8095 11 1 1
69 0 19.2351 11 1 1
69 0 16.0602 9 4 1
66 0 9.7990 7 62 1
68 1 14.6930 11 54 1
66 0 17.2215 12 68 1
69 0 10.5090 8 2 1
69 0 13.5725 9 3 1
71 0 25.2026 14 61 1
66 0 9.9624 7 23 1
68 1 18.8570 14 108 1
66 0 9.0810 7 49 1
68 1 16.1050 12 172 0
66 0 12.4456 8 41 1
69 0 16.9113 10 2 1
66 0 12.2420 8 38 1
71 0 22.0030 17 88 1
69 0 10.2060 7 3 1
66 0 17.7848 10 43 1
69 0 35.6541 17 174 1
66 0 18.1837 11 51 1
68 1 12.9370 9 23 1
71 0 27.3590 19 48 1
69 0 24.2490 14 2 1
71 0 18.3970 13 50 1
66 0 10.8055 7 51 1
69 0 11.5640 9 1 1
71 0 28.7367 13 34 1
66 0 8.2800 6 55 1
71 0 24.7180 18 143 1
68 1 15.6640 11 163 0
71 0 24.7849 17 50 1
66 0 9.0310 7 49 1
66 0 10.2780 8 65 1
66 0 11.5922 8 39 1
69 0 13.5051 9 1 1
70 0 31.9760 24 117 1
66 0 21.3221 14 128 1
68 1 7.9777 5 104 0
66 0 9.1750 7 49 1
71 0 30.8220 23 215 1
70 0 42.8840 32 133 1
71 0 20.8390 16 53 1
70 0 40.1680 30 152 1
69 0 20.0412 9 3 1
69 0 12.0200 8 1 1
71 0 39.5532 28 138 1
70 0 40.0040 29 161 1
68 1 83.0282 57 309 0
69 0 21.0576 13 77 0
68 1 64.6287 43 386 1
71 0 32.7302 18 62 1
71 0 38.0021 21 46 1
70 0 67.5843 44 286 1
71 0 60.6124 42 393 0
71 0 60.8390 42 401 0
68 1 85.3461 54 223 0
68 1 69.1205 32 357 1
68 1 93.4631 64 384 0
68 1 97.9390 61 453 0
71 0 34.8595 23 125 1
68 1 42.5801 28 338 1
71 0 35.1806 23 77 1
68 1 98.0398 65 564 0
71 0 47.1360 34 462 1
68 1 91.9180 46 181 0
70 0 64.1037 44 147 1
71 0 110.4607 64 579 0
70 0 70.6660 57 523 0
70 0 107.2400 60 363 0
68 1 77.7690 56 280 0
70 0 70.2196 33 153 1
70 0 49.8920 35 339 1
68 1 88.1077 59 257 0
70 0 108.3619 56 332 1
70 0 130.6983 88 493 0
70 0 88.7424 58 379 1
68 1 101.1173 69 977 0
71 0 78.5910 59 350 0
70 0 96.5990 62 298 1
70 0 128.0212 87 298 0
70 0 101.7948 79 420 0
70 0 70.4430 53 467 0
68 1 111.1239 75 266 0
70 0 99.2568 67 235 0
70 0 113.2550 88 477 0
70 0 158.0730 75 356 0
