71 0 8.7580 7 16 1
66 0 12.6760 10 85 1
71 0 15.1620 12 53 1
69 0 6.4130 5 2 1
66 0 14.0244 9 33 1
66 0 7.4120 5 10 1
66 0 8.9230 6 43 1
66 0 6.3890 5 9 1
66 0 10.2290 7 47 1
71 0 12.6300 10 40 1
70 0 19.8914 13 174 0
69 0 66.0318 39 1 0
69 0 10.5491 7 2 1
69 0 8.3367 6 3 1
66 0 13.9106 7 37 1
69 0 10.9824 6 3 1
66 0 16.5942 9 40 1
66 0 11.9082 6 16 1
68 1 41.3202 25 121 1
71 0 17.0079 12 1 1
70 0 49.2284 32 126 1
71 0 58.4902 39 1 0
66 0 25.7465 15 120 1
70 0 77.1224 37 266 1
69 0 12.8944 9 7 1
69 0 17.4464 7 1 1
71 0 10.4640 8 7 1
69 0 15.7609 8 5 1
66 0 12.3632 8 33 1
69 0 8.7136 6 5 1
69 0 13.9032 6 3 1
69 0 12.5127 6 3 1
70 0 38.0799 26 66 1
66 0 14.3267 10 61 1
71 0 57.4877 39 1 0
69 0 13.8845 7 1 1
66 0 11.6550 9 96 1
69 0 18.9881 7 3 1
71 0 19.3138 10 6 1
68 1 48.5195 27 265 1
66 0 17.9612 9 25 1
69 0 18.2135 7 4 1
69 0 16.4860 8 2 1
69 0 14.9274 6 3 1
71 0 20.8685 10 4 1
69 0 15.5388 6 1 1
69 0 15.8249 7 1 1
66 0 21.1281 7 64 1
70 0 38.6147 18 20 1
71 0 23.6929 10 10 1
71 0 22.9424 8 17 1
66 0 28.0845 17 138 1
70 0 50.1196 30 51 1
71 0 29.1480 12 32 1
69 0 14.3894 6 1 1
69 0 86.6357 39 1 0
66 0 19.4892 8 24 1
71 0 79.1715 52 225 0
71 0 42.2976 29 145 1
71 0 32.1530 17 36 1
68 1 55.4968 26 274 1
71 0 30.6393 13 9 1
68 1 43.2839 30 335 1
66 0 24.2062 12 81 1
71 0 26.7164 14 7 1
66 0 29.3573 8 64 1
71 0 29.0934 15 81 1
70 0 65.4508 40 117 1
70 0 60.6653 29 26 1
70 0 52.1724 24 34 1
68 1 47.6218 24 122 1
68 1 98.5158 60 131 0
70 0 59.2588 29 31 1
68 1 54.9560 30 133 1
68 1 49.0291 24 208 1
68 1 77.7217 54 471 0
71 0 91.4382 39 1 0
70 0 61.0239 34 135 1
70 0 97.1796 39 888 0
68 1 88.0727 52 152 0
68 1 89.1415 44 194 0
68 1 108.4144 39 1 0
70 0 85.0443 59 187 0
68 1 70.8396 42 349 0
68 1 91.8805 61 183 0
70 0 69.4149 38 43 1
70 0 120.5663 68 239 0
70 0 77.4483 43 254 1
68 1 91.1918 42 243 0
68 1 92.6449 44 410 0
70 0 93.5828 48 197 1
68 1 94.6470 53 166 0
68 1 108.9061 52 145 0
68 1 111.0022 54 161 0
68 1 113.5291 53 151 0
70 0 128.6311 66 424 1
70 0 137.2949 80 206 0
69 0 9.9030 7 2 1
69 0 8.5666 6 2 1
71 0 19.4657 13 19 1
66 0 16.1492 9 37 1
66 0 19.8283 11 55 1
71 0 24.3997 16 76 1
71 0 11.1130 8 15 1
66 0 11.3109 8 24 1
71 0 14.6700 11 37 1
69 0 11.2046 7 7 1
70 0 47.3221 31 104 1
71 0 32.2700 18 112 1
69 0 10.2175 7 1 1
66 0 11.7391 8 36 1
68 1 65.4442 42 155 0
68 1 52.8365 29 152 1
66 0 20.7822 13 96 1
71 0 16.4968 11 138 0
69 0 10.6755 7 1 1
68 1 37.9960 24 110 1
68 1 93.3505 64 193 0
69 0 11.3222 8 1 1
66 0 29.9589 20 170 1
70 0 87.3652 59 448 1
70 0 48.7258 33 95 1
69 0 14.0503 8 1 1
69 0 10.6120 7 1 1
69 0 12.4186 7 3 1
69 0 10.5202 7 2 1
68 1 44.6243 31 220 1
69 0 10.2676 6 1 1
69 0 15.0902 9 8 1
71 0 21.2473 10 8 1
66 0 15.5803 11 59 1
66 0 26.6543 13 88 1
66 0 54.9122 39 1 0
71 0 54.8598 39 1 0
66 0 11.9846 8 27 1
70 0 56.3999 39 1 0
69 0 13.9704 8 4 1
71 0 27.9523 16 51 1
69 0 13.7133 8 2 1
71 0 27.5500 18 67 1
71 0 24.1741 16 47 1
70 0 90.9867 51 223 1
66 0 26.7436 15 82 1
71 0 19.6657 13 35 1
66 0 12.0896 8 34 1
71 0 21.1403 12 31 1
66 0 19.6444 11 40 1
68 1 28.0399 18 154 1
69 0 13.7326 8 2 1
66 0 14.5395 7 37 1
69 0 13.9503 8 2 1
66 0 22.0916 12 34 1
71 0 19.1396 11 31 1
71 0 21.6276 14 59 1
71 0 21.7833 13 7 1
68 1 27.5735 15 80 0
69 0 9.0348 6 1 1
69 0 9.0116 6 2 1
68 1 42.3439 25 145 1
66 0 11.5633 8 40 1
71 0 34.8321 20 70 1
71 0 30.9219 17 24 1
66 0 25.1212 14 71 1
66 0 13.1789 9 46 1
70 0 42.3770 28 48 1
71 0 36.9090 20 77 1
70 0 60.1459 42 160 1
68 1 59.3719 41 168 0
70 0 72.5909 48 240 1
70 0 38.5990 30 175 1
70 0 23.4806 15 197 0
70 0 44.9069 28 37 1
68 1 42.7851 23 69 1
68 1 64.0171 44 430 1
68 1 62.5242 41 580 0
70 0 36.8218 24 196 0
70 0 76.5210 58 205 0
68 1 60.9753 41 325 0
70 0 66.6159 46 242 1
70 0 45.1874 30 61 1
70 0 67.8171 37 174 1
68 1 77.2243 51 598 0
68 1 117.9114 52 205 0
68 1 68.6925 44 151 0
70 0 75.0728 47 261 1
