69 0 7.0150 5 3 1
69 0 6.4380 5 1 1
69 0 8.6352 6 2 1
69 0 8.6752 6 1 1
69 0 7.8810 6 2 1
69 0 9.0230 7 6 1
69 0 10.1975 7 2 1
69 0 8.7276 6 1 1
66 0 7.7940 6 40 1
69 0 8.3924 6 1 1
66 0 11.6680 9 75 1
69 0 8.9597 6 3 1
66 0 11.7930 9 75 1
69 0 12.4560 9 6 1
69 0 8.8132 6 2 1
71 0 15.5590 12 59 1
66 0 9.9990 7 20 1
71 0 15.7665 11 2 1
69 0 12.0498 7 2 1
69 0 15.3354 9 2 1
71 0 18.2616 13 35 1
69 0 15.5650 9 2 1
71 0 21.1440 14 47 1
66 0 19.8003 13 55 1
69 0 11.8480 7 2 1
66 0 9.7650 7 49 1
71 0 16.6999 11 31 1
66 0 11.5946 8 31 1
66 0 10.4857 7 22 1
66 0 8.2680 6 38 1
69 0 12.0413 7 3 1
66 0 11.4450 8 63 1
71 0 21.9026 15 87 1
66 0 15.3149 10 54 1
66 0 23.5015 16 257 0
66 0 12.1928 8 37 1
71 0 10.9480 8 10 1
68 1 31.0589 22 91 1
66 0 15.3510 10 78 1
69 0 12.5537 7 4 1
71 0 15.6070 12 104 1
66 0 18.2411 12 83 1
66 0 16.8770 11 76 1
66 0 13.8087 9 36 1
71 0 21.1480 14 8 1
70 0 22.2420 17 7 1
71 0 21.3709 14 46 1
66 0 12.0910 9 97 1
71 0 9.4720 7 27 1
71 0 21.0681 14 45 1
69 0 10.1086 5 1 1
71 0 22.2021 15 48 1
68 1 34.1926 16 86 1
71 0 19.6824 12 1 1
71 0 27.1556 18 53 1
70 0 26.6500 20 74 1
66 0 21.9294 12 65 1
71 0 24.7490 12 14 1
71 0 10.6620 8 3 1
68 1 44.3758 29 139 1
71 0 30.1028 17 76 1
70 0 18.2720 14 79 0
68 1 25.2010 17 210 0
70 0 26.4430 20 33 1
71 0 38.6876 21 101 1
66 0 11.4220 7 98 1
70 0 22.3010 17 23 1
68 1 58.4640 42 182 0
68 1 45.4343 25 136 1
70 0 56.2940 37 122 1
70 0 33.2950 26 178 1
70 0 49.6768 34 100 1
68 1 48.1405 27 194 1
70 0 41.9560 32 272 1
68 1 64.9785 42 172 0
70 0 59.6517 39 257 1
70 0 57.3990 35 139 1
70 0 52.9549 35 159 1
68 1 69.2997 44 391 0
70 0 51.9330 39 228 1
68 1 57.7382 31 226 1
68 1 72.1700 51 182 0
68 1 73.0630 52 174 0
68 1 58.5212 33 208 1
71 0 65.3084 38 237 1
70 0 84.1236 58 387 1
70 0 61.9719 34 102 1
68 1 74.3621 41 313 0
70 0 74.4685 51 248 1
70 0 72.3164 37 142 1
70 0 73.2271 51 300 1
68 1 71.0544 44 445 1
68 1 92.4246 41 188 0
68 1 64.5950 42 205 0
68 1 112.9875 78 333 0
68 1 114.4888 73 238 0
70 0 112.5774 63 266 1
68 1 117.6570 88 671 0
70 0 166.8151 112 824 0
