69 0 10.2010 7 2 1
69 0 11.9342 8 1 1
66 0 11.8875 8 26 1
69 0 11.1701 8 1 1
69 0 12.9791 8 3 1
71 0 14.1387 10 6 1
71 0 15.9073 10 3 1
71 0 16.0638 9 9 1
71 0 14.5558 10 4 1
71 0 20.2160 12 50 1
66 0 19.1456 13 72 1
69 0 12.0243 7 2 1
71 0 18.4868 9 8 1
69 0 14.3672 7 8 1
66 0 13.0387 9 49 1
66 0 12.7735 9 38 1
70 0 18.2027 8 102 0
69 0 10.0756 7 3 1
66 0 13.0798 9 59 1
69 0 14.1278 8 5 1
71 0 18.4366 12 5 1
66 0 12.1287 8 34 1
70 0 27.2422 18 222 0
70 0 22.7269 12 81 0
69 0 15.5777 9 2 1
68 1 56.6134 39 876 0
66 0 13.6595 9 45 1
71 0 25.2168 14 49 1
66 0 14.6115 10 44 1
71 0 15.2544 10 3 1
66 0 19.6525 11 46 1
69 0 26.5734 17 128 0
66 0 15.2530 10 70 1
66 0 14.8637 7 40 1
68 1 44.2689 29 218 1
71 0 17.7548 12 16 1
70 0 22.6732 12 138 0
66 0 14.3801 7 31 1
68 1 33.7319 24 207 1
71 0 24.3398 14 10 1
66 0 56.3153 39 1 0
71 0 21.1457 10 13 1
68 1 29.8175 21 146 1
69 0 12.1666 8 1 1
66 0 13.7295 9 37 1
69 0 9.0899 6 2 1
68 1 59.3886 39 1 0
69 0 10.5681 7 2 1
66 0 10.6821 7 21 1
66 0 15.2616 10 57 1
69 0 10.7348 7 2 1
71 0 12.4845 8 101 0
66 0 12.7944 9 46 1
69 0 10.6888 7 1 1
71 0 14.2376 10 4 1
70 0 34.9265 24 31 1
66 0 16.6724 11 49 1
71 0 16.5806 11 6 1
71 0 18.1815 12 24 1
70 0 58.6376 39 221 1
70 0 44.4317 29 52 1
70 0 43.3431 23 256 0
69 0 14.0489 8 2 1
69 0 13.7030 8 3 1
71 0 28.7195 15 7 1
66 0 15.8683 9 35 1
68 1 62.4915 41 212 0
70 0 59.6106 41 176 1
68 1 63.9523 36 199 1
70 0 56.0564 27 153 1
70 0 69.9790 38 234 1
68 1 51.2422 34 176 1
68 1 74.3198 49 942 0
70 0 99.0622 65 326 1
70 0 53.6691 35 191 1
70 0 84.0813 44 241 1
68 1 102.7448 54 157 0
68 1 88.8788 41 382 0
68 1 113.4376 60 1128 0
68 1 102.2940 67 1094 0
68 1 112.1760 56 232 0
70 0 142.0809 93 376 0
70 0 150.2559 96 639 0
70 0 158.6181 89 680 0
