69 0 8.0520 6 3 1
69 0 10.6753 7 1 1
69 0 8.5070 6 2 1
69 0 10.1646 7 1 1
66 0 11.3720 8 31 1
71 0 16.4153 11 4 1
71 0 14.5943 10 4 1
68 1 42.5956 24 98 1
66 0 14.1309 9 40 1
68 1 72.1010 50 195 0
71 0 25.8879 17 10 1
70 0 59.9217 41 439 0
71 0 18.3996 10 3 1
68 1 64.4843 43 169 0
66 0 15.0141 10 41 1
71 0 15.4776 9 3 1
71 0 15.5422 9 4 1
68 1 106.1433 71 243 0
68 1 66.4984 44 320 0
66 0 9.8520 7 10 1
69 0 10.1604 7 2 1
71 0 14.7424 10 5 1
66 0 12.8163 9 42 1
71 0 14.6995 10 5 1
69 0 9.9243 7 1 1
66 0 13.1066 9 20 1
68 1 35.9760 25 216 1
70 0 11.1426 5 42 0
70 0 13.6628 9 103 0
70 0 108.1682 52 762 0
71 0 14.5136 10 11 1
68 1 56.8075 39 2 0
70 0 54.4620 40 394 0
66 0 12.1507 8 25 1
66 0 12.0526 8 31 1
66 0 12.0392 7 13 1
71 0 19.6930 11 4 1
68 1 43.5892 31 116 1
69 0 59.5573 39 1 0
71 0 16.6969 11 12 1
71 0 21.4038 12 19 1
68 1 25.3160 17 107 1
66 0 12.0151 6 18 1
66 0 13.0477 9 36 1
70 0 18.6302 12 148 0
69 0 19.0178 11 36 1
71 0 22.4580 13 6 1
66 0 12.0426 8 32 1
66 0 11.8188 8 35 1
66 0 22.8085 15 119 1
68 1 30.2920 17 110 1
69 0 12.9557 8 2 1
66 0 19.9938 11 48 1
69 0 9.0904 6 2 1
69 0 10.6077 7 1 1
71 0 15.2788 10 21 1
71 0 16.8209 11 7 1
69 0 16.9505 10 2 1
71 0 28.1787 16 37 1
69 0 12.1009 8 3 1
69 0 10.6055 7 1 1
69 0 12.2240 8 3 1
66 0 13.2756 9 47 1
68 1 19.4780 13 69 1
69 0 12.2154 7 3 1
70 0 22.8221 15 213 0
66 0 18.6230 9 51 1
71 0 15.2206 10 3 1
71 0 19.5916 11 5 1
70 0 44.6488 30 58 1
68 1 45.1180 32 340 0
70 0 60.8767 40 486 0
69 0 13.5465 8 1 1
71 0 36.2948 18 88 1
69 0 13.4209 8 2 1
68 1 52.4333 35 212 1
70 0 61.9473 35 65 1
68 1 77.8437 54 352 1
70 0 77.0164 35 313 1
70 0 75.2312 44 139 1
70 0 59.8901 39 116 1
68 1 77.4230 51 325 1
68 1 89.4434 43 238 0
68 1 82.6148 56 167 0
70 0 72.3333 47 150 0
68 1 109.7259 67 188 0
68 1 105.8422 56 189 0
68 1 105.2910 75 407 0
70 0 150.9236 85 766 0
70 0 172.7916 117 969 0
70 0 192.1841 127 1109 0
