69 0 8.3430 6 1 1
66 0 8.7710 7 56 1
66 0 14.4333 10 53 1
69 0 9.2360 7 1 1
69 0 9.1550 7 1 1
69 0 9.2000 7 1 1
66 0 10.0160 8 64 1
71 0 10.8260 8 19 1
71 0 14.0340 11 36 1
71 0 52.8713 30 204 1
68 1 45.7259 26 88 1
68 1 77.5930 56 208 0
70 0 81.5848 54 406 0
70 0 39.9990 31 154 1
70 0 80.2550 61 769 1
69 0 10.5096 6 3 1
66 0 11.7292 8 39 1
70 0 60.1109 41 144 1
71 0 24.1019 14 38 1
68 1 30.6168 21 165 1
68 1 44.1063 27 106 1
68 1 55.9867 39 1 0
69 0 10.7240 6 1 1
70 0 43.7892 30 110 1
70 0 59.2661 39 1 0
69 0 16.2843 8 1 1
69 0 9.1969 6 1 1
69 0 11.9525 6 1 1
69 0 12.0558 7 1 1
69 0 12.9465 8 1 1
66 0 18.8042 10 50 1
69 0 11.9350 6 1 1
71 0 16.0449 11 14 1
71 0 20.2494 13 6 1
69 0 8.5379 6 1 1
71 0 21.7715 10 48 1
71 0 22.1053 15 45 1
66 0 20.5259 9 61 1
66 0 19.1089 8 35 1
69 0 10.1945 7 1 1
68 1 13.4701 6 102 0
69 0 11.3128 7 2 1
66 0 17.0783 7 48 1
71 0 29.4945 19 91 1
71 0 24.2015 13 50 1
69 0 9.0774 6 1 1
71 0 30.9432 16 60 1
71 0 47.2057 24 237 1
71 0 27.2942 12 41 1
69 0 13.0772 7 1 1
68 1 19.8441 14 97 1
66 0 26.8800 10 66 1
69 0 13.5440 7 1 1
66 0 19.5859 7 43 1
66 0 18.0406 7 50 1
69 0 18.6633 7 2 1
71 0 30.2697 12 11 1
71 0 29.0240 12 15 1
69 0 15.3891 8 4 1
66 0 21.8696 9 70 1
66 0 18.2979 7 125 0
66 0 22.6004 12 55 1
66 0 22.7574 7 47 1
66 0 13.6487 9 38 1
68 1 101.8678 60 779 0
68 1 33.8480 15 88 1
70 0 52.1661 31 41 1
68 1 85.7020 39 1039 0
71 0 24.9607 12 36 1
68 1 49.1264 34 197 1
71 0 76.1507 53 228 0
70 0 45.1628 25 71 1
66 0 23.7602 10 62 1
71 0 56.1202 39 1 0
70 0 31.9220 25 90 1
71 0 44.1812 20 140 1
70 0 55.4142 30 133 1
70 0 53.0548 23 247 0
70 0 57.7724 22 67 1
68 1 56.4954 30 117 1
68 1 48.7101 24 77 1
68 1 89.5327 64 376 0
71 0 61.2448 34 190 1
70 0 71.0253 31 95 1
70 0 76.4597 43 190 1
70 0 74.2885 41 143 1
68 1 105.1803 57 244 0
70 0 103.6792 56 450 0
68 1 104.0295 55 161 0
70 0 115.0711 65 297 1
68 1 104.3054 67 354 0
70 0 132.4084 90 385 1
68 1 122.0661 47 221 0
68 1 150.8063 75 661 0
70 0 123.7620 64 332 1
68 1 324.6719 100 1968 0
