69 0 8.8150 6 6 1
69 0 14.2387 8 2 1
68 1 4.2884 3 50 0
69 0 8.2935 6 1 1
68 1 47.9230 26 173 1
69 0 12.6557 8 1 1
69 0 8.9493 6 1 1
66 0 12.7656 9 38 1
71 0 17.3734 12 16 1
69 0 13.9940 7 2 1
68 1 4.2892 3 52 0
68 1 87.1439 61 275 1
66 0 15.6195 8 40 1
66 0 11.8106 6 22 1
69 0 9.8139 7 2 1
68 1 96.0296 67 311 0
68 1 24.3774 16 86 1
69 0 11.8101 8 1 1
71 0 23.3453 15 41 1
69 0 13.8700 8 1 1
66 0 15.9170 10 48 1
71 0 21.8920 12 2 1
66 0 17.6587 12 72 1
66 0 16.3149 10 54 1
71 0 21.7313 15 58 1
69 0 10.1975 7 1 1
71 0 20.4484 14 38 1
71 0 19.8563 12 5 1
69 0 10.5515 7 1 1
66 0 11.2015 8 20 1
69 0 10.5551 5 2 1
69 0 10.5612 7 3 1
69 0 10.3572 7 1 1
66 0 17.0275 12 89 1
66 0 9.7044 7 14 1
71 0 37.7548 21 101 1
71 0 16.6822 11 9 1
68 1 26.4710 13 64 1
70 0 41.4104 27 4 1
71 0 30.3529 18 102 1
71 0 15.3553 11 7 1
69 0 9.6134 7 1 1
71 0 50.6256 32 243 1
66 0 25.8133 18 142 1
66 0 16.7416 8 36 1
71 0 57.3361 36 244 1
68 1 22.3436 11 68 1
69 0 11.7033 7 2 1
68 1 60.2489 41 353 0
69 0 9.6288 7 1 1
66 0 15.6654 10 70 1
66 0 13.8653 9 53 1
70 0 48.4078 32 73 1
69 0 8.2644 6 1 1
71 0 22.8553 16 46 1
66 0 18.1070 10 38 1
71 0 50.4420 35 197 1
66 0 13.7180 10 44 1
66 0 18.2074 13 83 1
70 0 58.0441 39 121 1
66 0 15.6746 8 45 1
70 0 79.7588 57 364 0
68 1 56.7780 32 298 1
66 0 16.9028 9 33 1
68 1 23.7707 17 78 1
66 0 20.4326 11 102 1
71 0 25.2199 14 31 1
71 0 30.1355 17 56 1
70 0 45.0175 31 83 1
70 0 45.5005 22 72 1
70 0 35.8990 28 166 1
70 0 35.4094 24 65 1
66 0 52.3218 8 44 1
71 0 74.2326 53 238 0
70 0 45.7895 32 84 1
70 0 47.1945 32 101 1
68 1 72.4330 50 879 0
70 0 40.1230 30 136 1
70 0 74.1685 40 126 1
70 0 42.9220 33 256 1
70 0 62.6219 35 85 1
68 1 109.7877 76 467 0
70 0 93.4090 45 224 1
70 0 112.9094 63 299 1
70 0 73.2181 40 81 1
68 1 76.9924 41 391 0
71 0 104.1508 71 251 0
68 1 138.8086 96 630 0
68 1 137.6079 83 457 0
70 0 138.7498 83 226 0
70 0 35.5420 21 179 1
68 1 214.3567 127 1400 0
