66 0 8.7210 6 41 1
70 0 27.8619 17 213 0
71 0 15.5293 11 15 1
71 0 11.3640 8 6 1
66 0 12.7710 10 102 1
71 0 25.1144 14 39 1
66 0 10.2350 8 77 1
71 0 22.2678 12 4 1
66 0 25.7622 14 84 1
68 1 91.3056 62 176 0
69 0 14.4471 10 58 1
69 0 11.9132 6 3 1
69 0 16.4464 8 75 0
68 1 17.1611 12 120 0
71 0 16.1921 11 5 1
70 0 22.3801 13 187 0
68 1 63.4575 41 433 0
66 0 18.5463 8 50 1
69 0 10.8177 6 1 1
71 0 15.1598 9 2 1
66 0 17.2934 9 39 1
71 0 21.2954 12 34 1
71 0 28.9074 20 130 1
66 0 14.6525 6 12 1
70 0 79.5805 48 176 1
69 0 13.9504 9 53 0
66 0 24.4777 12 68 1
68 1 50.0803 28 162 1
66 0 21.4734 12 100 1
69 0 13.9841 7 3 1
68 1 22.6619 13 51 1
66 0 13.2285 9 41 1
69 0 10.7266 7 1 1
69 0 13.4934 6 8 1
71 0 15.8356 11 6 1
71 0 86.2160 57 230 0
66 0 18.2282 9 35 1
69 0 17.0215 6 4 1
71 0 18.3821 12 27 1
66 0 18.9893 7 35 1
66 0 19.7678 10 63 1
69 0 14.9723 6 5 1
69 0 38.3944 7 12 1
69 0 16.9878 7 1 1
69 0 14.5035 8 7 1
68 1 44.0398 22 190 1
71 0 21.5395 11 11 1
69 0 18.6452 7 5 1
69 0 13.5155 7 3 1
66 0 58.9634 39 1 0
70 0 60.1270 39 104 1
68 1 70.6408 44 359 1
68 1 77.6598 39 1005 0
66 0 27.0650 8 102 1
66 0 20.4113 8 44 1
66 0 16.6957 8 62 1
66 0 27.0057 11 62 1
71 0 19.8985 10 5 1
70 0 27.3633 12 176 0
71 0 25.1489 10 3 1
71 0 28.5908 12 21 1
69 0 36.7757 17 158 1
68 1 75.7432 42 179 0
71 0 33.6848 17 93 1
70 0 58.2668 29 59 1
68 1 81.2613 39 1 0
70 0 64.5396 36 159 1
71 0 78.5830 39 1 0
68 1 82.1206 56 194 0
70 0 45.8820 25 6 1
68 1 51.1066 24 119 1
70 0 78.1347 50 308 1
70 0 75.2746 35 176 1
68 1 90.8358 39 975 0
70 0 56.7242 27 68 1
71 0 67.3344 21 215 1
70 0 70.9616 33 242 1
70 0 114.3338 39 1 0
70 0 89.6906 45 64 1
68 1 90.3999 41 202 0
68 1 94.1157 52 188 0
70 0 111.7319 65 196 0
68 1 108.3797 66 474 0
70 0 107.8553 56 90 1
68 1 108.7048 61 244 0
68 1 76.3080 50 215 0
70 0 150.3120 97 542 0
70 0 147.8965 99 543 0
70 0 159.4143 102 245 0
68 1 294.5273 108 1208 0
